1	1	892
1	2	1
1	3	1
1	4	1
1	5	41
1	6	3
1	7	77
1	8	1
1	9	1
1	11	6
1	12	2
1	14	1
1	16	1
1	18	29
1	20	1
1	21	30
1	22	14
1	23	2
1	24	2
1	27	2
1	30	2
1	33	1
1	37	12
1	40	7
1	43	8
1	44	5
1	45	2
1	47	1
1	48	13
1	51	1
1	53	3
1	55	1
1	56	8
1	57	16
1	63	6
1	64	6
1	69	2
1	71	17
1	76	16
1	77	1
1	78	6
1	81	10
1	83	15
1	88	2
1	94	1
1	97	11
1	103	14
1	104	2
1	107	1
1	109	2
1	116	9
1	118	2
1	119	1
1	120	3
1	122	1
1	127	2
1	128	1
1	129	1
1	141	1
1	143	1
1	145	5
1	148	1
1	150	3
1	153	10
1	154	3
1	155	4
1	161	2
1	163	1
1	165	4
1	166	9
1	168	1
1	175	1
1	182	2
1	184	1
1	189	3
1	190	5
1	199	1
1	208	6
1	217	1
2	2	643
2	3	25
2	4	1
2	5	12
2	6	14
2	9	35
2	10	2
2	12	3
2	13	29
2	14	1
2	15	3
2	16	17
2	17	4
2	19	35
2	23	3
2	24	2
2	25	3
2	26	17
2	29	23
2	31	16
2	32	4
2	33	24
2	34	9
2	35	6
2	36	1
2	38	2
2	39	13
2	40	1
2	41	8
2	45	5
2	46	2
2	47	7
2	49	5
2	51	8
2	54	7
2	55	4
2	58	24
2	59	2
2	62	1
2	66	10
2	67	2
2	68	1
2	69	1
2	70	2
2	73	10
2	75	2
2	79	1
2	80	12
2	84	4
2	85	4
2	87	17
2	89	5
2	90	3
2	100	1
2	101	1
2	102	2
2	106	8
2	110	6
2	111	3
2	112	1
2	114	6
2	115	2
2	116	1
2	119	1
2	120	2
2	122	2
2	124	2
2	126	2
2	128	1
2	129	10
2	131	1
2	133	2
2	134	2
2	137	2
2	141	2
2	144	2
2	147	1
2	148	4
2	149	4
2	152	1
2	157	4
2	158	2
2	159	1
2	160	5
2	164	1
2	167	6
2	171	1
2	172	4
2	173	1
2	175	2
2	177	1
2	179	6
2	181	1
2	185	4
2	186	2
2	191	1
2	193	3
2	194	1
2	198	6
2	199	2
2	202	1
2	207	1
2	211	1
2	212	2
2	214	1
2	218	1
2	220	4
2	221	1
2	223	1
2	226	1
2	227	2
2	228	2
2	230	3
2	231	1
2	232	1
3	3	518
3	4	4
3	5	4
3	6	120
3	9	17
3	11	1
3	12	1
3	13	1
3	14	2
3	15	4
3	16	5
3	19	13
3	20	2
3	23	2
3	24	2
3	25	5
3	26	5
3	27	2
3	28	1
3	29	5
3	31	5
3	32	4
3	33	6
3	34	5
3	39	4
3	41	21
3	42	19
3	43	1
3	46	2
3	47	35
3	49	2
3	55	31
3	58	9
3	60	3
3	62	11
3	65	6
3	66	1
3	68	1
3	69	1
3	70	2
3	73	4
3	77	3
3	78	2
3	79	1
3	80	9
3	82	2
3	84	1
3	85	1
3	87	1
3	91	2
3	92	1
3	98	1
3	100	21
3	102	10
3	105	14
3	106	2
3	107	12
3	109	1
3	110	3
3	114	1
3	115	1
3	117	2
3	124	1
3	129	2
3	133	6
3	134	1
3	136	11
3	139	2
3	142	1
3	144	3
3	146	5
3	149	3
3	150	1
3	156	1
3	158	1
3	159	2
3	160	2
3	171	1
3	175	2
3	176	1
3	179	1
3	181	8
3	182	1
3	184	2
3	185	1
3	186	1
3	197	1
3	199	7
3	202	4
3	203	4
3	207	1
4	4	450
4	5	13
4	6	2
4	8	1
4	11	12
4	12	1
4	14	36
4	15	47
4	17	1
4	18	1
4	20	11
4	23	47
4	24	5
4	25	22
4	27	16
4	28	26
4	30	7
4	32	1
4	33	5
4	34	2
4	35	2
4	36	1
4	38	1
4	45	1
4	50	14
4	52	3
4	53	4
4	54	3
4	60	31
4	61	19
4	62	2
4	67	3
4	68	14
4	69	9
4	70	1
4	72	1
4	73	1
4	77	9
4	82	6
4	86	4
4	88	1
4	91	15
4	94	10
4	95	3
4	96	8
4	97	2
4	98	14
4	99	1
4	101	2
4	104	1
4	109	1
4	110	1
4	113	1
4	115	4
4	116	2
4	117	2
4	119	1
4	121	11
4	125	1
4	127	2
4	136	1
4	138	5
4	140	2
4	149	1
4	150	1
4	151	1
4	154	1
4	159	2
4	161	3
4	162	6
4	163	3
4	170	3
4	171	1
4	174	1
4	178	6
4	180	1
4	181	1
4	183	1
4	186	1
4	187	5
4	188	9
4	189	1
4	195	1
4	197	2
4	200	4
4	201	1
4	209	3
4	210	3
4	213	1
4	215	1
4	219	2
4	222	1
4	225	2
4	229	1
5	5	445
5	6	3
5	7	9
5	9	1
5	11	3
5	14	5
5	15	9
5	16	4
5	18	3
5	20	10
5	21	8
5	22	1
5	23	9
5	24	7
5	25	1
5	26	1
5	27	5
5	29	1
5	30	9
5	33	4
5	34	5
5	35	2
5	36	12
5	37	3
5	38	2
5	40	3
5	41	2
5	42	3
5	45	8
5	47	1
5	48	15
5	50	2
5	51	4
5	55	3
5	56	1
5	57	1
5	58	2
5	59	1
5	60	4
5	61	2
5	62	4
5	63	1
5	65	2
5	66	5
5	67	1
5	68	1
5	69	5
5	70	1
5	71	3
5	73	4
5	75	1
5	76	6
5	77	2
5	81	3
5	82	2
5	83	3
5	84	1
5	85	1
5	86	12
5	91	6
5	95	2
5	97	4
5	100	1
5	101	2
5	102	1
5	103	3
5	104	4
5	105	1
5	106	1
5	107	1
5	109	15
5	115	2
5	116	16
5	119	2
5	120	4
5	122	1
5	124	2
5	125	2
5	127	2
5	128	1
5	136	1
5	137	1
5	138	1
5	139	2
5	140	1
5	143	2
5	144	1
5	146	1
5	147	1
5	150	6
5	151	4
5	153	10
5	154	2
5	155	3
5	157	1
5	159	1
5	162	1
5	163	1
5	165	1
5	166	1
5	168	9
5	169	1
5	170	1
5	174	1
5	175	1
5	177	1
5	181	2
5	182	1
5	184	1
5	190	7
5	205	2
5	208	1
6	6	440
6	9	9
6	11	1
6	12	3
6	13	1
6	14	1
6	15	2
6	16	3
6	19	14
6	20	2
6	23	1
6	25	1
6	26	1
6	28	1
6	31	8
6	32	5
6	33	3
6	34	2
6	37	1
6	39	1
6	41	20
6	42	19
6	43	1
6	45	1
6	47	24
6	48	1
6	49	1
6	55	25
6	58	2
6	60	3
6	62	9
6	65	4
6	66	4
6	68	1
6	69	1
6	73	3
6	75	1
6	77	3
6	78	1
6	80	8
6	81	1
6	82	1
6	83	1
6	84	2
6	87	2
6	96	1
6	100	25
6	102	6
6	103	1
6	105	9
6	107	10
6	115	1
6	120	1
6	122	1
6	124	1
6	128	1
6	133	3
6	134	2
6	136	6
6	138	1
6	139	1
6	142	2
6	143	2
6	144	2
6	146	3
6	150	1
6	151	1
6	158	2
6	160	3
6	178	1
6	181	9
6	184	3
6	188	1
6	196	1
6	199	10
6	202	2
6	203	4
6	207	2
6	212	1
7	7	439
7	8	1
7	12	1
7	18	6
7	21	13
7	22	13
7	37	5
7	44	3
7	48	7
7	53	1
7	56	9
7	57	17
7	63	6
7	64	5
7	71	13
7	76	11
7	77	2
7	78	5
7	81	6
7	83	2
7	88	1
7	97	1
7	102	1
7	103	15
7	116	1
7	127	1
7	145	5
7	153	3
7	154	1
7	155	1
7	161	1
7	166	3
7	190	3
7	206	1
7	208	4
8	8	422
8	9	1
8	10	2
8	12	1
8	13	2
8	15	1
8	17	5
8	19	1
8	27	1
8	31	1
8	33	1
8	34	2
8	38	1
8	45	1
8	46	2
8	48	1
8	49	1
8	50	1
8	51	1
8	52	1
8	54	16
8	57	1
8	58	3
8	59	3
8	63	2
8	67	1
8	70	4
8	71	1
8	72	2
8	73	1
8	74	13
8	75	1
8	84	2
8	85	1
8	88	5
8	90	2
8	118	2
8	119	3
8	120	1
8	128	3
8	131	3
8	135	2
8	152	2
8	163	1
8	174	1
8	182	3
8	186	2
8	194	1
8	200	1
8	205	1
8	216	1
8	223	1
9	9	415
9	10	1
9	11	1
9	12	5
9	13	7
9	16	15
9	19	19
9	26	6
9	29	8
9	31	7
9	32	13
9	33	2
9	34	9
9	35	4
9	36	1
9	39	48
9	41	3
9	45	3
9	46	2
9	47	2
9	48	1
9	49	4
9	53	1
9	54	3
9	55	2
9	58	4
9	59	1
9	62	1
9	66	8
9	73	2
9	74	1
9	78	1
9	79	15
9	80	10
9	81	1
9	83	1
9	84	4
9	85	2
9	87	8
9	89	2
9	90	6
9	92	1
9	102	6
9	103	1
9	106	12
9	107	2
9	110	2
9	114	3
9	119	1
9	120	1
9	126	3
9	128	1
9	129	14
9	130	1
9	134	4
9	142	1
9	143	1
9	144	1
9	148	3
9	149	1
9	153	1
9	158	2
9	160	1
9	167	2
9	168	1
9	171	1
9	172	1
9	176	5
9	179	1
9	181	1
9	184	1
9	193	3
9	194	1
9	198	3
9	202	1
9	207	9
9	224	1
9	227	3
10	10	348
10	12	2
10	13	2
10	17	1
10	19	1
10	26	2
10	29	1
10	33	1
10	34	1
10	35	16
10	38	1
10	46	1
10	47	1
10	57	2
10	58	1
10	59	3
10	63	3
10	67	2
10	73	1
10	74	2
10	79	1
10	84	1
10	87	1
10	89	2
10	124	2
10	131	2
10	137	1
10	144	3
10	148	1
10	171	1
10	172	1
10	174	2
11	11	329
11	14	4
11	15	17
11	18	3
11	20	24
11	21	5
11	23	3
11	24	3
11	25	7
11	27	4
11	28	8
11	36	2
11	38	8
11	41	1
11	43	15
11	45	5
11	48	1
11	50	4
11	52	4
11	53	5
11	58	1
11	60	3
11	61	9
11	68	1
11	69	3
11	71	3
11	72	5
11	77	4
11	81	1
11	82	2
11	83	1
11	86	3
11	91	2
11	93	1
11	94	1
11	95	19
11	96	3
11	97	3
11	98	1
11	99	1
11	100	1
11	101	8
11	103	1
11	104	7
11	109	2
11	113	1
11	115	1
11	116	1
11	117	3
11	120	2
11	121	3
11	125	15
11	127	6
11	128	1
11	132	4
11	133	2
11	138	3
11	143	1
11	150	1
11	151	5
11	152	1
11	154	1
11	155	1
11	156	1
11	161	3
11	162	2
11	169	4
11	174	3
11	178	1
11	180	3
11	181	1
11	184	1
11	187	2
11	189	1
11	192	1
11	195	4
11	197	3
11	200	1
11	201	1
11	205	1
11	209	1
11	210	3
11	213	1
11	214	1
11	222	3
12	12	318
12	13	5
12	16	14
12	17	3
12	19	4
12	20	1
12	26	3
12	29	7
12	32	1
12	33	1
12	34	4
12	35	2
12	36	1
12	39	3
12	41	1
12	46	6
12	47	6
12	49	3
12	55	2
12	59	4
12	74	2
12	78	3
12	79	4
12	80	5
12	84	2
12	87	2
12	89	2
12	93	16
12	101	1
12	102	1
12	106	1
12	110	1
12	122	1
12	123	4
12	125	1
12	126	6
12	129	1
12	131	1
12	133	1
12	148	1
12	157	1
12	158	1
12	171	1
12	172	1
12	176	1
12	182	1
12	185	4
12	191	1
12	193	4
12	207	1
12	224	9
12	228	1
13	13	316
13	16	12
13	17	1
13	19	19
13	26	5
13	29	4
13	31	1
13	32	6
13	33	4
13	34	5
13	35	5
13	38	1
13	39	3
13	45	2
13	49	5
13	51	3
13	54	1
13	56	2
13	58	11
13	59	3
13	62	1
13	66	1
13	67	4
13	68	1
13	70	7
13	73	1
13	74	1
13	75	1
13	79	1
13	84	3
13	85	6
13	87	8
13	89	4
13	102	1
13	106	1
13	107	1
13	109	1
13	110	2
13	111	1
13	114	3
13	120	3
13	122	4
13	123	1
13	126	1
13	128	2
13	129	1
13	130	1
13	133	1
13	136	1
13	137	3
13	147	3
13	148	3
13	149	5
13	157	2
13	158	4
13	160	2
13	164	4
13	171	1
13	172	1
13	173	2
13	186	1
13	191	1
13	193	1
13	212	2
13	220	1
13	223	1
14	14	314
14	15	26
14	19	1
14	20	3
14	21	1
14	23	22
14	24	3
14	25	14
14	27	13
14	28	18
14	30	6
14	33	2
14	36	2
14	38	2
14	45	1
14	50	11
14	52	10
14	53	1
14	54	1
14	60	9
14	61	10
14	62	2
14	68	27
14	69	6
14	70	1
14	71	3
14	72	1
14	77	4
14	82	6
14	86	2
14	91	12
14	94	14
14	95	1
14	96	6
14	97	1
14	98	1
14	99	4
14	100	1
14	104	1
14	109	1
14	115	1
14	116	1
14	117	4
14	118	1
14	120	1
14	121	7
14	122	1
14	125	3
14	127	4
14	133	2
14	136	1
14	138	2
14	139	1
14	140	1
14	144	2
14	150	2
14	154	1
14	155	1
14	162	1
14	163	4
14	170	1
14	174	1
14	178	1
14	181	1
14	183	2
14	188	1
14	192	3
14	200	1
14	201	1
14	204	4
14	209	1
14	210	1
14	215	2
14	219	4
14	225	1
14	229	1
15	15	307
15	17	2
15	18	1
15	20	18
15	21	1
15	23	25
15	24	12
15	25	14
15	27	6
15	28	19
15	30	10
15	33	2
15	34	1
15	36	4
15	41	1
15	45	1
15	50	3
15	52	6
15	53	6
15	54	1
15	55	2
15	57	1
15	60	8
15	61	12
15	62	1
15	68	2
15	69	2
15	70	4
15	71	3
15	72	1
15	73	3
15	77	10
15	82	8
15	86	4
15	91	10
15	94	3
15	95	4
15	96	2
15	97	3
15	98	1
15	99	1
15	100	2
15	104	6
15	107	1
15	109	1
15	110	1
15	113	2
15	115	6
15	116	1
15	117	4
15	121	9
15	127	4
15	136	1
15	138	2
15	139	3
15	141	1
15	144	1
15	146	1
15	150	4
15	151	1
15	152	1
15	154	1
15	158	1
15	159	1
15	161	5
15	162	1
15	163	4
15	166	1
15	170	4
15	177	2
15	178	2
15	181	1
15	188	1
15	189	1
15	197	1
15	199	1
15	200	3
15	201	2
15	203	1
15	209	3
15	210	2
15	213	2
15	222	2
16	16	300
16	19	2
16	26	4
16	29	8
16	32	1
16	34	1
16	35	2
16	36	2
16	39	2
16	47	9
16	49	1
16	51	1
16	52	1
16	55	1
16	58	3
16	66	7
16	67	5
16	73	1
16	79	2
16	80	1
16	85	1
16	87	2
16	89	2
16	93	5
16	106	5
16	110	3
16	114	1
16	116	1
16	126	2
16	129	2
16	130	1
16	137	1
16	144	1
16	148	5
16	149	1
16	153	1
16	157	3
16	171	1
16	172	1
16	191	3
16	212	1
16	224	2
17	17	295
17	19	2
17	24	2
17	26	2
17	31	3
17	33	1
17	34	1
17	39	1
17	52	3
17	53	1
17	54	2
17	59	2
17	60	1
17	74	1
17	84	7
17	88	1
17	92	1
17	108	6
17	113	10
17	115	1
17	118	1
17	130	2
17	131	4
17	135	3
17	137	1
17	147	2
17	156	3
17	164	1
17	175	1
17	179	1
17	193	1
17	209	1
18	18	291
18	20	2
18	21	21
18	22	5
18	23	2
18	27	1
18	30	5
18	36	1
18	37	4
18	43	1
18	45	1
18	56	2
18	57	2
18	71	11
18	82	1
18	83	19
18	95	1
18	97	13
18	98	2
18	104	5
18	116	4
18	121	1
18	125	1
18	127	3
18	150	1
18	151	1
18	154	2
18	155	7
18	161	2
18	163	1
18	165	3
18	166	2
18	169	1
18	189	8
18	190	1
18	197	2
18	208	4
19	19	284
19	23	1
19	24	1
19	26	2
19	29	11
19	31	9
19	32	5
19	33	7
19	34	9
19	35	4
19	36	1
19	39	10
19	41	8
19	47	4
19	49	1
19	51	1
19	55	2
19	58	7
19	59	1
19	60	1
19	65	2
19	66	4
19	70	5
19	74	2
19	75	1
19	77	3
19	78	1
19	79	4
19	80	4
19	84	3
19	85	4
19	87	5
19	89	4
19	90	1
19	91	1
19	102	2
19	105	1
19	106	3
19	107	9
19	110	2
19	114	4
19	122	1
19	124	3
19	126	1
19	129	4
19	130	2
19	137	1
19	144	3
19	147	2
19	148	1
19	152	1
19	157	1
19	158	1
19	159	1
19	164	3
19	167	1
19	172	1
19	173	1
19	176	3
19	177	1
19	179	1
19	186	1
19	193	2
19	198	1
19	199	4
19	202	3
19	203	1
19	207	2
19	217	1
19	220	1
19	223	1
19	228	2
19	230	1
20	20	283
20	21	2
20	23	4
20	24	2
20	25	1
20	27	11
20	28	2
20	30	9
20	33	1
20	36	24
20	37	3
20	38	16
20	42	1
20	43	7
20	45	28
20	50	1
20	52	3
20	53	1
20	58	1
20	59	1
20	60	7
20	61	3
20	62	1
20	69	2
20	71	2
20	73	1
20	77	5
20	78	1
20	82	1
20	86	6
20	91	1
20	95	13
20	96	1
20	97	5
20	101	5
20	104	3
20	109	5
20	115	1
20	116	2
20	121	2
20	124	2
20	125	18
20	127	9
20	138	1
20	139	2
20	150	5
20	151	17
20	153	1
20	154	1
20	155	2
20	161	7
20	162	2
20	163	3
20	169	3
20	170	2
20	174	4
20	180	5
20	195	5
20	197	1
20	200	1
20	205	2
20	209	1
20	210	3
20	220	1
20	222	1
21	21	274
21	22	12
21	23	2
21	27	2
21	28	1
21	30	6
21	36	1
21	37	2
21	43	3
21	48	2
21	53	4
21	56	1
21	57	7
21	61	1
21	71	9
21	76	5
21	81	1
21	82	1
21	83	9
21	94	1
21	95	6
21	97	14
21	104	8
21	109	1
21	116	3
21	121	1
21	126	1
21	127	2
21	135	1
21	138	1
21	139	1
21	145	1
21	150	4
21	151	1
21	154	3
21	155	2
21	161	1
21	163	1
21	165	4
21	166	1
21	180	1
21	189	1
21	210	2
22	22	269
22	30	2
22	37	10
22	43	5
22	45	1
22	53	1
22	56	1
22	57	3
22	71	7
22	78	1
22	81	1
22	83	3
22	88	1
22	95	1
22	97	2
22	121	1
22	127	1
22	148	1
22	155	1
22	161	1
22	165	1
22	166	1
22	174	1
22	189	2
22	190	1
23	23	269
23	24	6
23	25	19
23	27	14
23	28	18
23	30	17
23	33	6
23	36	1
23	37	1
23	40	1
23	43	1
23	47	1
23	48	1
23	50	5
23	51	1
23	52	4
23	53	2
23	60	10
23	61	5
23	62	2
23	68	19
23	69	5
23	70	1
23	73	1
23	77	4
23	82	4
23	83	1
23	86	8
23	91	16
23	94	7
23	96	3
23	97	1
23	98	2
23	99	1
23	100	1
23	104	1
23	105	1
23	109	5
23	113	1
23	115	7
23	116	3
23	117	1
23	118	1
23	120	1
23	121	3
23	125	1
23	127	3
23	138	1
23	144	1
23	149	1
23	150	3
23	161	3
23	162	2
23	163	3
23	170	1
23	175	1
23	177	1
23	181	3
23	183	5
23	187	1
23	201	1
23	204	1
23	209	1
23	215	2
23	225	2
24	24	257
24	25	5
24	26	1
24	27	1
24	28	1
24	30	2
24	32	1
24	33	1
24	35	1
24	46	1
24	48	1
24	49	2
24	53	19
24	55	1
24	60	5
24	61	1
24	70	3
24	73	4
24	77	23
24	82	6
24	83	1
24	91	2
24	92	5
24	96	1
24	97	2
24	110	1
24	113	3
24	115	7
24	117	2
24	119	1
24	121	1
24	124	2
24	133	1
24	137	1
24	138	1
24	139	1
24	140	3
24	141	4
24	149	1
24	152	3
24	154	1
24	156	3
24	157	1
24	161	1
24	163	3
24	167	1
24	170	1
24	177	2
24	178	1
24	188	1
24	191	1
24	192	1
24	198	1
24	199	1
24	201	4
24	209	13
24	211	1
24	213	2
24	214	2
24	218	1
24	223	1
24	225	1
24	226	1
24	229	1
24	231	1
24	232	1
25	25	256
25	26	1
25	27	3
25	28	23
25	30	5
25	33	3
25	50	2
25	52	4
25	53	1
25	55	3
25	58	1
25	60	5
25	61	7
25	68	4
25	69	2
25	70	1
25	73	1
25	77	2
25	82	3
25	86	1
25	91	12
25	92	2
25	94	1
25	95	4
25	96	14
25	97	1
25	98	1
25	99	12
25	101	1
25	104	3
25	108	3
25	109	1
25	113	1
25	115	5
25	117	5
25	121	2
25	124	1
25	125	1
25	127	1
25	133	3
25	139	7
25	150	1
25	156	1
25	158	1
25	161	1
25	162	1
25	163	2
25	167	1
25	170	1
25	171	1
25	175	1
25	178	1
25	183	2
25	184	1
25	192	1
25	197	1
25	198	1
25	201	2
25	204	1
25	209	1
25	210	1
25	211	1
25	215	6
25	222	1
25	223	1
25	225	2
25	226	2
25	229	4
25	231	1
25	232	1
26	26	254
26	29	6
26	31	2
26	32	4
26	33	3
26	34	3
26	35	4
26	39	2
26	46	1
26	47	2
26	49	6
26	51	4
26	54	2
26	58	5
26	59	2
26	66	3
26	69	2
26	70	3
26	74	5
26	75	2
26	79	1
26	80	7
26	84	1
26	87	4
26	89	1
26	93	1
26	106	3
26	108	1
26	110	1
26	112	1
26	113	1
26	114	2
26	115	2
26	117	1
26	118	1
26	120	2
26	123	6
26	129	1
26	133	1
26	134	1
26	137	3
26	139	1
26	140	2
26	141	1
26	152	5
26	157	2
26	159	1
26	160	1
26	167	3
26	172	3
26	175	1
26	179	1
26	185	1
26	191	1
26	193	3
26	198	2
26	202	1
26	211	2
26	212	1
26	218	1
26	220	1
26	221	1
26	223	3
26	226	2
26	228	1
26	229	1
26	231	2
26	232	2
27	27	240
27	28	4
27	29	1
27	30	3
27	35	1
27	36	1
27	38	1
27	43	3
27	45	1
27	50	3
27	52	5
27	53	2
27	55	1
27	57	3
27	58	1
27	60	2
27	61	3
27	68	21
27	69	2
27	71	3
27	73	1
27	84	1
27	86	5
27	91	4
27	94	3
27	95	4
27	96	1
27	98	3
27	99	2
27	104	1
27	109	2
27	116	2
27	117	3
27	121	6
27	127	5
27	139	2
27	150	2
27	151	2
27	154	1
27	155	2
27	162	2
27	163	3
27	166	1
27	169	2
27	170	1
27	175	1
27	181	1
27	183	3
27	188	1
27	192	1
27	197	1
27	200	3
27	213	1
27	215	1
27	219	2
27	220	1
28	28	240
28	30	3
28	34	1
28	36	2
28	45	1
28	50	3
28	52	1
28	53	3
28	54	1
28	55	2
28	60	6
28	61	20
28	68	4
28	69	2
28	71	2
28	82	8
28	86	2
28	91	10
28	94	9
28	95	3
28	96	5
28	98	3
28	99	8
28	104	4
28	115	2
28	117	7
28	121	4
28	125	2
28	127	1
28	136	2
28	138	4
28	140	1
28	144	1
28	147	1
28	150	1
28	159	1
28	160	1
28	163	1
28	170	2
28	171	1
28	174	1
28	177	1
28	178	2
28	183	2
28	184	1
28	187	2
28	200	1
28	201	3
28	204	2
28	209	1
28	210	3
28	211	1
28	215	4
28	219	2
28	222	2
28	229	1
29	29	239
29	31	12
29	32	7
29	33	1
29	34	4
29	35	6
29	36	1
29	38	1
29	39	9
29	41	1
29	42	1
29	45	1
29	46	1
29	47	3
29	49	2
29	51	1
29	54	1
29	55	2
29	58	1
29	62	1
29	66	2
29	70	1
29	73	1
29	75	1
29	79	3
29	80	4
29	84	1
29	85	3
29	87	4
29	89	3
29	92	1
29	102	1
29	106	3
29	110	1
29	111	2
29	112	1
29	113	1
29	114	4
29	115	1
29	120	1
29	122	1
29	123	2
29	124	2
29	126	2
29	127	1
29	128	2
29	129	5
29	131	1
29	134	1
29	136	1
29	144	1
29	148	5
29	152	1
29	157	1
29	160	2
29	167	3
29	175	3
29	176	1
29	177	1
29	185	1
29	191	2
29	198	1
29	206	1
29	207	1
29	211	1
29	214	1
29	216	1
29	218	1
29	220	2
29	221	1
29	223	3
29	224	2
29	226	1
29	228	2
29	230	2
29	231	1
29	232	1
30	30	238
30	37	8
30	38	2
30	43	14
30	45	2
30	50	1
30	53	2
30	60	2
30	61	1
30	69	2
30	71	6
30	83	1
30	85	1
30	86	31
30	91	1
30	95	2
30	97	1
30	98	3
30	101	1
30	104	4
30	109	19
30	115	1
30	116	2
30	121	2
30	125	1
30	127	1
30	150	4
30	151	2
30	154	10
30	161	1
30	163	3
30	169	3
30	178	1
30	180	1
30	189	1
30	195	1
30	201	1
30	210	3
30	229	1
31	31	236
31	32	6
31	33	4
31	34	8
31	39	16
31	41	2
31	46	1
31	49	5
31	54	1
31	66	1
31	79	4
31	80	2
31	84	6
31	85	1
31	87	5
31	89	2
31	90	1
31	92	4
31	100	3
31	102	10
31	106	1
31	111	2
31	112	2
31	114	10
31	119	2
31	122	1
31	123	1
31	126	1
31	128	1
31	129	2
31	134	6
31	137	4
31	147	2
31	164	1
31	176	1
31	177	1
31	179	1
31	186	1
31	191	3
31	194	1
31	202	2
31	207	1
31	220	2
31	230	8
32	32	235
32	34	4
32	39	10
32	41	1
32	46	2
32	47	1
32	49	3
32	55	2
32	59	1
32	66	4
32	70	3
32	73	7
32	74	2
32	75	1
32	79	1
32	80	2
32	84	1
32	85	1
32	87	3
32	89	2
32	90	3
32	107	1
32	111	1
32	112	1
32	113	1
32	114	4
32	115	1
32	124	2
32	128	1
32	134	1
32	141	3
32	152	1
32	158	3
32	160	1
32	167	1
32	171	2
32	173	2
32	175	1
32	176	3
32	186	1
32	191	3
32	198	1
32	199	1
32	207	2
32	211	1
32	218	1
32	220	3
32	221	1
32	224	1
32	226	1
32	228	1
32	231	1
32	232	1
33	33	230
33	34	4
33	35	1
33	36	2
33	40	1
33	41	1
33	42	1
33	45	2
33	46	1
33	47	4
33	49	3
33	51	5
33	52	3
33	54	2
33	55	2
33	58	11
33	60	3
33	61	1
33	62	2
33	69	2
33	73	2
33	80	1
33	84	1
33	85	1
33	87	3
33	89	8
33	91	1
33	98	1
33	105	1
33	106	1
33	110	2
33	113	1
33	115	1
33	116	1
33	120	2
33	122	4
33	124	2
33	125	1
33	128	1
33	134	2
33	137	1
33	144	2
33	149	3
33	158	2
33	159	1
33	160	2
33	167	2
33	175	1
33	179	1
33	185	1
33	191	1
33	202	1
33	205	1
33	219	2
33	223	1
34	34	226
34	35	2
34	39	10
34	46	1
34	49	1
34	54	4
34	58	2
34	67	1
34	73	2
34	77	1
34	78	1
34	79	2
34	80	2
34	84	4
34	85	3
34	87	3
34	88	1
34	89	8
34	92	2
34	98	1
34	102	1
34	106	1
34	107	2
34	109	2
34	110	1
34	114	2
34	115	1
34	117	1
34	119	1
34	122	1
34	123	1
34	124	1
34	126	2
34	129	3
34	133	1
34	136	3
34	137	1
34	144	1
34	148	1
34	157	1
34	171	3
34	172	7
34	173	10
34	177	1
34	179	1
34	185	1
34	186	3
34	191	1
34	193	1
34	206	1
34	214	1
34	218	1
34	219	1
34	220	1
34	226	1
34	227	1
34	230	1
35	35	220
35	42	1
35	54	1
35	55	1
35	73	1
35	74	6
35	75	1
35	87	1
35	88	2
35	89	4
35	93	1
35	105	2
35	110	2
35	114	5
35	123	2
35	124	2
35	128	1
35	144	1
35	148	2
35	177	1
35	211	1
36	36	218
36	38	4
36	42	1
36	45	38
36	51	2
36	54	1
36	61	1
36	68	1
36	73	1
36	78	1
36	80	1
36	95	1
36	96	1
36	98	1
36	101	3
36	116	1
36	121	1
36	124	2
36	125	7
36	132	1
36	150	2
36	151	4
36	154	2
36	161	1
36	162	1
36	174	8
36	177	2
36	180	4
36	205	9
36	210	1
37	37	216
37	38	1
37	40	1
37	43	18
37	48	2
37	52	1
37	53	2
37	56	1
37	57	1
37	63	1
37	69	1
37	71	6
37	81	1
37	86	11
37	97	1
37	109	4
37	121	1
37	127	2
37	150	4
37	169	4
37	181	1
37	189	1
38	38	215
38	43	1
38	45	14
38	52	1
38	69	8
38	74	1
38	95	1
38	101	7
38	110	1
38	120	5
38	124	1
38	125	2
38	132	15
38	137	1
38	151	2
38	157	1
38	163	2
38	168	1
38	174	2
38	180	5
38	205	3
38	222	1
39	39	203
39	41	1
39	42	1
39	47	1
39	58	1
39	75	1
39	78	1
39	79	14
39	80	9
39	84	5
39	87	11
39	90	5
39	102	2
39	106	2
39	111	1
39	114	1
39	115	1
39	122	1
39	125	1
39	129	10
39	134	5
39	152	2
39	158	1
39	160	1
39	167	1
39	172	2
39	175	1
39	176	7
39	186	2
39	191	4
39	198	1
39	202	2
39	207	12
39	211	1
39	217	1
39	218	1
39	220	1
39	221	1
39	226	1
39	227	2
39	228	2
39	231	1
39	232	1
40	40	201
40	44	5
40	47	1
40	48	2
40	51	1
40	64	11
40	81	1
40	116	1
40	145	1
40	175	1
41	41	191
41	46	1
41	47	5
41	49	1
41	52	2
41	55	7
41	58	1
41	68	1
41	77	2
41	78	1
41	79	1
41	80	8
41	84	3
41	87	1
41	90	1
41	100	4
41	102	3
41	107	12
41	114	1
41	126	3
41	133	3
41	134	2
41	136	5
41	138	1
41	144	1
41	158	1
41	159	4
41	167	1
41	175	2
41	176	1
41	181	2
41	194	1
41	199	7
41	203	3
41	206	1
41	214	1
41	217	2
41	227	2
42	42	187
42	47	1
42	52	2
42	55	2
42	60	1
42	62	37
42	65	19
42	78	2
42	88	1
42	100	4
42	102	1
42	105	33
42	107	5
42	122	1
42	133	1
42	136	12
42	144	4
42	146	20
42	159	1
42	160	1
42	175	1
42	181	2
42	196	6
43	43	185
43	45	1
43	50	1
43	53	6
43	57	1
43	68	1
43	69	1
43	72	2
43	77	1
43	78	1
43	85	1
43	86	5
43	91	1
43	95	6
43	101	1
43	104	1
43	109	5
43	115	1
43	116	1
43	120	1
43	121	1
43	125	5
43	127	3
43	150	4
43	151	2
43	154	4
43	161	1
43	169	7
43	180	1
43	187	1
43	189	1
43	195	2
43	197	1
43	201	3
44	44	184
44	48	1
44	63	1
44	64	6
44	71	2
44	76	1
44	81	2
44	83	2
44	143	4
44	145	5
44	208	1
45	45	184
45	48	1
45	51	2
45	55	2
45	61	1
45	66	3
45	69	3
45	70	1
45	74	1
45	78	1
45	80	1
45	81	1
45	83	1
45	95	1
45	101	4
45	103	1
45	112	1
45	116	2
45	120	4
45	124	4
45	125	7
45	127	1
45	128	1
45	132	4
45	143	1
45	151	4
45	157	1
45	161	1
45	163	3
45	166	1
45	168	1
45	174	8
45	177	1
45	180	3
45	184	1
45	197	1
45	205	9
45	210	2
45	221	1
46	46	182
46	54	1
46	59	4
46	67	1
46	72	1
46	78	1
46	79	1
46	80	1
46	84	1
46	88	5
46	89	2
46	92	1
46	102	2
46	104	2
46	106	1
46	110	1
46	111	1
46	112	11
46	114	2
46	119	3
46	123	3
46	126	1
46	128	1
46	136	1
46	137	1
46	173	1
46	176	7
46	182	1
46	185	3
46	194	1
46	197	2
46	199	1
46	212	1
46	214	1
46	224	1
47	47	181
47	51	1
47	55	14
47	65	2
47	66	2
47	75	1
47	76	1
47	79	2
47	80	1
47	85	2
47	87	1
47	90	1
47	93	4
47	100	6
47	102	1
47	105	1
47	106	2
47	110	1
47	116	1
47	126	3
47	136	2
47	144	2
47	146	1
47	159	2
47	160	1
47	175	1
47	181	1
47	199	1
47	227	1
48	48	180
48	51	1
48	56	1
48	57	1
48	63	2
48	66	1
48	76	1
48	81	3
48	83	5
48	97	2
48	103	6
48	116	1
48	119	1
48	120	1
48	128	1
48	143	3
48	150	3
48	151	1
48	153	3
48	161	1
48	182	1
48	184	1
48	190	1
49	49	179
49	51	5
49	54	1
49	58	1
49	59	1
49	66	1
49	70	1
49	74	6
49	78	1
49	80	3
49	85	2
49	87	1
49	89	1
49	90	3
49	92	1
49	102	1
49	106	2
49	110	2
49	112	3
49	114	2
49	115	1
49	123	1
49	126	2
49	129	2
49	131	1
49	133	1
49	137	1
49	147	1
49	149	3
49	158	3
49	160	1
49	164	2
49	168	3
49	182	1
49	185	3
49	193	1
49	194	1
49	200	1
49	202	3
49	214	2
49	217	1
49	228	1
49	230	1
50	50	179
50	52	4
50	53	1
50	60	12
50	61	1
50	68	1
50	69	4
50	70	1
50	73	1
50	77	3
50	82	8
50	86	1
50	91	3
50	94	3
50	95	1
50	96	4
50	98	3
50	101	1
50	117	2
50	121	3
50	127	1
50	140	1
50	151	2
50	162	2
50	170	2
50	187	2
50	188	1
50	204	1
50	209	1
50	213	1
50	215	1
50	219	1
50	222	1
51	51	171
51	58	6
51	66	10
51	69	1
51	70	2
51	74	1
51	75	1
51	80	1
51	90	1
51	101	1
51	106	1
51	110	1
51	116	1
51	120	2
51	124	2
51	131	1
51	157	1
51	175	1
51	212	4
51	214	1
51	228	1
52	52	170
52	53	1
52	60	3
52	61	3
52	62	2
52	68	5
52	69	6
52	82	1
52	98	1
52	100	2
52	101	1
52	105	2
52	107	1
52	117	1
52	121	3
52	127	1
52	132	1
52	133	5
52	144	3
52	149	1
52	151	2
52	152	1
52	159	1
52	163	1
52	169	1
52	170	1
52	175	1
52	181	1
52	183	2
52	200	2
52	204	9
52	209	1
52	210	2
52	219	1
52	222	2
52	229	1
53	53	169
53	56	1
53	70	1
53	71	2
53	77	14
53	82	1
53	83	1
53	92	1
53	95	3
53	110	1
53	113	1
53	115	3
53	118	1
53	140	1
53	141	1
53	150	1
53	151	1
53	161	3
53	163	1
53	178	4
53	189	1
53	192	4
53	197	1
53	201	3
53	209	5
53	213	2
54	54	168
54	58	1
54	59	9
54	66	1
54	67	2
54	73	3
54	74	11
54	75	1
54	85	1
54	88	2
54	90	1
54	114	1
54	119	3
54	123	1
54	128	1
54	131	4
54	144	2
54	159	1
54	163	1
54	168	1
54	175	1
54	180	1
54	182	3
54	185	2
54	186	1
54	191	1
54	194	1
54	216	2
55	55	165
55	58	2
55	60	1
55	61	1
55	62	3
55	65	1
55	66	2
55	73	2
55	77	1
55	80	5
55	84	1
55	87	2
55	89	1
55	90	1
55	100	12
55	102	4
55	105	3
55	107	3
55	109	1
55	117	1
55	121	1
55	133	3
55	136	2
55	140	2
55	141	1
55	144	4
55	146	1
55	158	1
55	159	2
55	160	3
55	181	1
55	184	1
55	196	1
55	199	1
55	203	4
55	209	1
55	224	1
56	56	164
56	71	2
56	78	1
56	81	1
56	83	1
56	109	2
56	122	1
56	165	5
57	57	161
57	71	2
57	76	4
57	78	4
57	83	1
57	97	1
57	103	1
57	116	1
57	118	1
57	153	3
57	155	2
57	166	1
57	208	2
57	217	2
58	58	158
58	59	2
58	66	1
58	70	1
58	73	2
58	74	2
58	80	2
58	84	6
58	87	4
58	89	1
58	90	1
58	122	1
58	129	1
58	133	1
58	146	1
58	147	1
58	152	1
58	157	2
58	158	2
58	160	2
58	171	1
58	172	1
58	194	1
58	205	1
58	216	1
59	59	153
59	63	2
59	66	1
59	70	1
59	74	8
59	89	1
59	90	3
59	112	1
59	124	2
59	126	1
59	128	1
59	131	6
59	157	1
59	168	1
59	173	1
59	174	1
59	176	1
59	182	2
59	214	1
59	216	3
60	60	153
60	61	2
60	62	1
60	68	3
60	69	2
60	70	1
60	77	2
60	82	4
60	86	2
60	91	8
60	94	3
60	95	1
60	96	3
60	98	5
60	100	3
60	107	1
60	113	1
60	115	1
60	121	1
60	127	1
60	133	1
60	136	1
60	144	1
60	150	1
60	154	1
60	157	1
60	159	1
60	161	1
60	162	3
60	170	1
60	181	2
60	183	2
60	187	3
60	188	1
60	201	1
60	209	2
60	210	1
60	213	1
60	219	1
60	222	1
60	225	3
60	229	2
61	61	151
61	68	2
61	69	2
61	77	6
61	82	10
61	91	2
61	95	5
61	96	1
61	97	1
61	98	5
61	99	1
61	104	3
61	116	2
61	117	2
61	121	2
61	125	4
61	127	1
61	138	27
61	140	2
61	156	1
61	158	1
61	161	3
61	170	3
61	174	2
61	175	1
61	177	1
61	178	2
61	188	2
61	192	1
61	195	1
61	200	6
61	201	1
61	210	10
61	222	4
62	62	150
62	65	7
62	68	2
62	69	1
62	77	1
62	100	2
62	105	24
62	107	1
62	133	1
62	136	3
62	139	7
62	144	10
62	146	19
62	150	1
62	175	1
62	181	3
62	183	1
62	196	17
63	63	148
63	74	1
63	81	1
63	83	1
63	103	3
63	131	3
63	166	2
63	174	1
63	182	1
63	205	1
64	64	148
64	71	1
64	76	1
64	81	5
64	145	7
64	208	1
65	65	146
65	100	1
65	105	7
65	136	9
65	144	1
65	146	11
65	181	1
66	66	142
66	73	2
66	75	4
66	80	1
66	81	1
66	87	1
66	90	2
66	106	5
66	114	1
66	129	2
66	131	1
66	141	1
66	143	1
66	149	1
66	168	6
66	172	1
66	186	1
67	67	139
67	74	1
67	88	1
67	89	3
67	119	1
67	148	5
67	159	1
67	160	1
67	186	1
67	209	1
68	68	135
68	69	1
68	77	3
68	82	6
68	91	4
68	96	2
68	99	1
68	104	1
68	115	1
68	117	4
68	118	1
68	121	2
68	122	1
68	133	2
68	139	1
68	159	1
68	163	1
68	170	2
68	175	1
68	181	1
68	183	2
68	192	1
68	204	3
68	213	1
69	69	134
69	78	1
69	91	2
69	94	3
69	98	1
69	101	4
69	115	1
69	120	5
69	121	1
69	125	3
69	132	5
69	137	1
69	151	3
69	168	1
69	204	2
69	219	3
70	70	133
70	73	1
70	74	2
70	75	1
70	77	3
70	78	1
70	82	1
70	84	1
70	90	2
70	92	1
70	112	3
70	115	1
70	120	1
70	122	1
70	123	1
70	137	1
70	140	6
70	141	1
70	152	1
70	157	1
70	167	1
70	177	1
70	199	1
70	209	1
70	212	3
70	214	1
70	232	1
71	71	131
71	81	1
71	83	3
71	86	3
71	95	2
71	97	1
71	104	2
71	109	1
71	115	1
71	119	1
71	127	1
71	150	2
71	155	3
71	165	1
71	166	1
71	169	1
71	201	1
71	213	1
72	72	131
72	93	2
72	97	1
72	101	1
72	125	1
72	131	1
72	134	1
72	139	1
72	169	1
72	170	1
72	174	1
72	176	1
72	195	1
72	216	1
73	73	130
73	74	1
73	87	1
73	106	1
73	115	2
73	119	5
73	124	4
73	127	1
73	141	2
73	146	1
73	149	1
73	152	1
73	158	1
73	177	2
73	185	1
73	201	1
73	205	1
74	74	129
74	75	1
74	88	1
74	89	1
74	90	3
74	112	1
74	119	2
74	120	1
74	128	1
74	131	4
74	137	2
74	157	1
74	164	1
74	168	3
74	172	1
74	182	3
74	185	1
74	205	1
74	223	1
75	75	127
75	87	1
75	90	1
75	105	1
75	124	1
75	142	2
75	143	1
75	149	1
75	164	1
75	168	1
75	199	1
75	212	1
76	76	124
76	81	3
76	103	1
76	143	1
76	145	2
76	153	2
76	190	2
77	77	124
77	82	22
77	91	3
77	97	2
77	99	2
77	100	1
77	104	2
77	107	7
77	115	2
77	117	4
77	121	3
77	138	3
77	140	8
77	141	1
77	150	1
77	161	2
77	170	4
77	187	1
77	188	1
77	189	1
77	192	8
77	199	3
77	200	2
77	203	1
77	209	5
77	225	2
78	78	123
78	79	2
78	80	2
78	88	2
78	93	4
78	102	1
78	114	1
78	123	4
78	134	1
78	140	1
78	146	1
78	159	1
78	174	1
78	176	1
78	191	2
78	205	1
78	207	1
78	217	5
78	218	1
78	224	2
79	79	123
79	80	1
79	84	1
79	87	2
79	90	3
79	93	1
79	102	3
79	112	2
79	126	2
79	129	5
79	157	1
79	176	3
79	207	4
79	217	2
79	224	1
79	227	1
80	80	122
80	84	2
80	102	1
80	106	4
80	115	1
80	123	5
80	126	3
80	129	4
80	134	4
80	148	1
80	149	1
80	152	2
80	157	3
80	160	1
80	167	1
80	172	1
80	175	1
80	176	2
80	191	1
80	198	3
80	199	2
80	202	1
80	206	1
80	211	1
80	217	1
80	218	1
80	220	2
80	221	1
80	224	4
80	226	1
80	228	1
80	231	1
80	232	1
81	81	122
81	83	2
81	97	1
81	103	2
81	109	1
81	120	1
81	128	1
81	143	3
81	145	3
81	153	1
81	155	1
81	184	1
81	208	1
82	82	119
82	91	6
82	94	1
82	99	1
82	100	1
82	113	1
82	115	2
82	117	3
82	120	1
82	121	1
82	133	1
82	136	2
82	138	7
82	140	6
82	163	1
82	170	6
82	178	1
82	187	1
82	188	1
82	192	7
82	200	2
82	201	2
82	209	3
82	213	1
82	225	1
83	83	119
83	86	1
83	97	2
83	103	3
83	116	2
83	120	1
83	128	1
83	143	1
83	150	1
83	153	1
83	155	3
83	161	4
83	165	3
83	184	1
83	189	1
83	208	4
84	84	118
84	85	1
84	87	1
84	92	4
84	102	1
84	106	1
84	111	4
84	113	1
84	119	1
84	122	1
84	128	1
84	147	1
84	164	1
84	172	1
84	173	1
84	179	2
84	186	1
84	193	2
84	202	3
85	85	117
85	88	1
85	89	1
85	92	4
85	106	2
85	119	1
85	122	2
85	126	1
85	128	8
85	137	2
85	144	2
85	156	1
85	164	3
85	177	1
85	184	1
86	86	117
86	97	2
86	99	1
86	104	1
86	109	14
86	125	2
86	150	6
86	154	5
86	163	2
86	169	7
86	170	1
86	180	1
86	210	1
87	87	117
87	89	1
87	102	1
87	107	1
87	110	1
87	122	1
87	123	1
87	129	1
87	134	2
87	141	1
87	144	1
87	147	2
87	157	1
87	158	1
87	171	2
87	179	2
87	202	1
87	207	6
87	212	3
87	220	1
87	223	1
87	228	1
88	88	115
88	90	1
88	102	1
88	112	1
88	119	6
88	123	2
88	131	1
88	136	1
88	137	1
88	141	2
88	176	2
88	177	1
88	186	1
88	194	5
88	206	1
88	216	1
89	89	112
89	106	2
89	110	2
89	112	1
89	114	1
89	137	1
89	148	1
89	171	2
89	172	2
89	188	1
89	220	1
90	90	111
90	102	1
90	106	1
90	114	2
90	129	11
90	131	1
90	134	3
90	142	4
90	164	1
90	172	1
90	176	1
90	182	1
90	194	1
90	206	2
90	216	1
90	227	5
91	91	111
91	92	1
91	94	3
91	96	1
91	98	1
91	99	3
91	107	1
91	115	1
91	117	1
91	120	1
91	125	1
91	136	1
91	139	1
91	144	1
91	150	1
91	163	1
91	178	1
91	183	2
91	187	2
91	188	1
91	215	2
91	219	1
91	225	2
92	92	106
92	108	1
92	112	1
92	113	3
92	123	1
92	128	2
92	135	1
92	137	1
92	140	2
92	152	1
92	156	4
92	157	1
92	166	1
92	167	1
92	173	1
92	186	1
92	192	1
92	193	1
92	198	2
92	218	2
93	93	106
93	118	1
93	123	6
93	176	1
93	206	1
93	207	1
93	217	1
93	224	4
94	94	104
94	96	1
94	97	1
94	101	1
94	117	1
94	120	1
94	121	1
94	122	1
94	125	1
94	150	1
94	162	1
94	170	1
94	178	1
94	183	1
94	209	1
94	219	3
94	225	1
95	95	103
95	97	3
95	104	7
95	109	2
95	120	1
95	125	3
95	127	4
95	135	1
95	138	1
95	139	1
95	150	2
95	151	2
95	154	1
95	155	1
95	163	1
95	169	1
95	174	1
95	178	1
95	180	1
95	189	1
95	192	1
95	195	1
95	201	1
95	210	2
95	222	2
95	229	1
96	96	103
96	98	2
96	99	9
96	121	1
96	127	1
96	162	1
96	178	1
96	183	3
96	192	1
96	215	3
96	229	1
97	97	102
97	98	1
97	104	16
97	116	5
97	121	3
97	127	1
97	138	1
97	145	1
97	150	8
97	151	3
97	154	2
97	155	5
97	161	3
97	166	3
97	170	1
97	189	4
97	197	2
98	98	101
98	99	1
98	104	1
98	108	2
98	127	1
98	136	1
98	138	3
98	151	1
98	158	1
98	170	1
98	188	5
98	189	1
98	195	1
98	200	3
98	201	1
98	219	1
98	229	1
99	99	100
99	108	1
99	115	1
99	117	2
99	139	1
99	183	4
99	192	1
99	215	4
99	225	1
99	229	1
100	100	98
100	102	4
100	105	2
100	107	1
100	117	1
100	121	1
100	122	1
100	124	1
100	125	1
100	133	1
100	134	1
100	144	3
100	145	1
100	146	1
100	158	1
100	159	1
100	160	1
100	181	5
100	203	3
100	225	1
101	101	97
101	120	1
101	125	4
101	132	1
101	137	1
101	151	1
101	174	1
101	177	2
101	195	1
101	197	2
101	205	4
101	225	1
102	102	97
102	111	1
102	114	1
102	129	3
102	134	2
102	136	1
102	172	1
102	186	1
102	206	5
102	207	1
103	103	96
103	120	1
103	128	1
103	143	1
103	153	1
103	166	3
103	184	1
103	190	1
104	104	95
104	115	1
104	116	9
104	117	1
104	121	1
104	125	1
104	127	5
104	150	5
104	154	1
104	155	6
104	163	1
104	166	2
104	170	2
104	189	3
104	197	5
104	210	2
104	213	1
104	225	1
105	105	94
105	107	1
105	117	1
105	133	4
105	136	5
105	144	7
105	146	11
105	160	1
105	181	5
105	196	4
105	203	1
106	106	92
106	126	4
106	129	1
106	137	1
106	149	1
106	157	2
106	172	1
106	173	1
106	186	1
106	191	1
106	198	1
106	206	1
106	220	1
106	224	1
106	227	1
107	107	92
107	133	9
107	136	6
107	144	1
107	146	2
107	160	1
107	181	1
107	196	1
107	199	5
107	203	2
108	108	91
108	113	10
108	132	1
108	135	5
108	152	2
108	156	3
108	186	1
108	221	1
109	109	91
109	122	1
109	150	4
109	151	1
109	154	2
109	163	1
109	169	4
109	184	1
109	188	1
109	190	2
109	195	1
110	110	90
110	112	1
110	114	1
110	115	3
110	123	1
110	140	3
110	141	1
110	170	1
110	171	1
110	214	1
111	111	90
111	113	1
111	114	2
111	119	1
111	130	2
111	134	1
111	156	1
111	158	1
111	179	3
111	186	1
111	191	1
111	202	1
112	112	88
112	114	2
112	119	1
112	123	2
112	131	1
112	137	1
112	147	1
112	158	2
112	176	1
112	182	1
112	194	1
112	217	1
112	230	1
113	113	88
113	115	4
113	130	1
113	135	2
113	156	7
113	191	1
113	209	1
114	114	87
114	119	1
114	126	1
114	137	2
114	140	1
114	141	1
114	147	2
114	172	1
114	177	1
114	185	1
114	217	1
114	220	1
114	230	5
115	115	85
115	117	2
115	118	1
115	119	1
115	121	1
115	133	2
115	139	1
115	140	5
115	141	1
115	152	1
115	156	3
115	158	2
115	160	1
115	167	2
115	170	4
115	175	2
115	191	1
115	198	2
115	201	3
115	203	1
115	209	1
115	211	2
115	213	2
115	214	1
115	216	1
115	218	1
115	220	1
115	221	1
115	223	1
115	225	1
115	226	2
115	228	1
115	229	1
115	231	2
115	232	2
116	116	85
116	127	1
116	150	2
116	153	3
116	154	2
116	161	1
116	163	1
116	175	1
116	189	1
116	197	1
116	210	2
116	213	1
116	217	1
117	117	84
117	118	1
117	127	1
117	133	10
117	139	1
117	160	1
117	167	1
117	170	3
117	178	2
117	181	2
117	183	1
117	187	1
117	192	1
117	198	1
117	203	1
117	204	1
117	211	1
117	215	1
117	219	3
117	223	1
117	225	2
117	226	2
117	229	1
117	231	1
117	232	1
118	118	82
118	152	2
118	154	1
118	175	1
118	204	1
119	119	81
119	151	1
119	177	1
119	185	5
119	186	1
119	201	1
119	213	1
120	120	81
120	124	1
120	128	1
120	132	1
120	137	3
120	139	1
120	143	1
120	157	2
120	168	2
120	174	1
120	184	1
120	206	1
121	121	81
121	127	1
121	133	1
121	150	3
121	159	1
121	161	2
121	170	1
121	178	2
121	183	1
121	188	1
121	189	1
121	201	1
121	215	1
121	219	4
122	122	81
122	128	1
122	137	1
122	144	1
122	164	2
122	168	1
122	173	1
123	123	79
123	124	1
123	126	2
123	130	1
123	137	1
123	141	1
123	147	4
123	157	1
123	171	2
123	172	1
123	176	1
123	179	1
123	217	1
123	224	3
124	124	79
124	128	1
124	133	2
124	141	2
124	144	1
124	157	3
124	172	1
124	214	2
125	125	78
125	132	1
125	151	5
125	161	1
125	174	1
125	180	3
125	192	2
125	195	1
125	197	1
125	205	1
125	210	1
125	225	1
126	126	77
126	129	1
126	134	1
126	157	1
126	206	2
126	217	3
126	224	2
126	227	2
127	127	76
127	132	1
127	133	2
127	139	1
127	154	1
127	155	1
127	163	2
127	200	1
127	210	1
127	219	1
128	128	76
128	143	1
128	158	1
128	164	3
128	182	1
128	184	1
129	129	76
129	134	2
129	137	1
129	172	3
129	194	1
129	206	1
129	207	2
129	227	5
130	130	75
130	135	1
130	147	7
130	186	1
131	131	75
131	182	1
131	205	1
131	216	1
132	132	74
132	151	2
132	180	2
132	221	1
132	222	2
133	133	74
133	136	1
133	139	1
133	144	1
133	146	1
133	149	1
133	158	2
133	160	3
133	167	1
133	173	1
133	181	3
133	196	1
133	198	1
133	203	1
133	204	2
133	211	1
133	219	1
133	223	1
133	226	2
133	229	1
133	231	1
133	232	1
134	134	72
134	152	1
134	169	1
134	175	1
134	179	1
134	207	2
134	222	1
134	224	1
134	227	1
135	135	72
135	189	1
135	216	1
135	222	1
136	136	72
136	138	1
136	140	2
136	144	2
136	146	4
136	159	1
136	175	1
136	196	1
136	203	1
136	226	1
137	137	71
137	152	2
137	168	1
137	171	1
137	191	1
137	194	1
137	220	2
137	228	1
137	230	2
138	138	70
138	152	1
138	161	1
138	178	1
138	188	1
138	200	4
138	210	2
138	214	1
139	139	69
139	146	1
139	163	2
139	167	1
139	188	1
139	198	1
139	211	1
139	223	1
139	226	1
139	229	1
139	231	1
139	232	1
140	140	69
140	144	1
140	156	1
140	166	1
140	170	1
140	171	1
140	192	1
140	214	2
140	219	1
140	225	1
141	141	69
141	157	1
141	177	1
141	214	1
142	142	68
142	143	2
143	143	68
143	184	1
144	144	68
144	146	3
144	147	1
144	157	1
144	181	2
144	191	1
144	193	1
144	196	3
144	203	2
145	145	67
146	146	66
146	196	3
147	147	65
147	148	1
147	150	1
147	158	1
147	170	1
147	171	2
147	173	2
147	179	1
147	186	2
147	193	1
147	194	1
147	202	1
148	148	64
148	160	1
148	197	1
149	149	64
149	158	3
150	150	63
150	151	2
150	153	1
150	154	2
150	155	1
150	163	1
150	170	2
150	187	1
150	189	2
150	192	1
150	219	1
150	222	1
151	151	63
151	154	4
151	162	1
151	174	1
151	180	3
151	195	7
152	152	62
152	154	1
152	160	1
152	167	1
152	175	1
152	191	1
152	198	1
152	211	1
152	218	1
152	220	1
152	221	1
152	226	1
152	228	1
152	231	1
152	232	1
153	153	62
153	190	1
154	154	62
154	161	1
154	163	4
154	169	1
154	195	1
154	210	1
155	155	62
155	161	1
155	166	1
155	189	1
155	208	1
155	225	1
156	156	61
156	189	1
156	209	1
157	157	60
157	172	1
157	175	1
157	198	1
157	212	3
157	214	1
157	220	1
157	224	1
158	158	57
158	173	2
158	216	2
158	220	1
159	159	57
159	163	1
159	217	1
160	160	56
160	167	2
160	171	3
160	175	1
160	181	1
160	191	1
160	198	1
160	203	2
160	211	1
160	218	1
160	220	1
160	221	1
160	226	1
160	228	1
160	231	1
160	232	1
161	161	54
161	163	1
161	168	1
161	177	1
161	178	1
161	201	1
161	209	1
161	213	1
161	225	2
162	162	53
162	192	1
163	163	53
163	201	1
163	204	1
163	225	1
164	164	53
164	172	1
164	223	1
165	165	52
166	166	51
166	182	1
166	189	1
166	208	2
167	167	50
167	175	1
167	179	2
167	191	1
167	198	6
167	211	2
167	218	2
167	220	1
167	221	1
167	223	1
167	226	2
167	228	1
167	229	1
167	231	2
167	232	2
168	168	49
168	173	1
169	169	49
169	205	1
170	170	47
170	192	3
170	197	1
171	171	47
171	173	3
171	186	1
171	193	1
171	218	2
172	172	47
172	179	1
172	202	1
172	223	1
173	173	46
173	179	1
173	186	4
173	221	1
174	174	45
174	180	1
174	210	2
174	216	1
174	222	1
175	175	45
175	191	1
175	196	1
175	198	1
175	211	1
175	218	1
175	220	1
175	221	1
175	226	1
175	228	1
175	231	1
175	232	1
176	176	44
176	194	1
176	207	1
176	217	2
176	224	1
176	227	1
177	177	43
177	185	2
177	205	1
177	214	1
177	220	1
177	230	1
178	178	43
178	200	1
179	179	43
179	186	2
179	202	1
180	180	42
181	181	42
181	183	1
181	203	1
181	204	1
181	226	1
182	182	41
183	183	40
183	204	1
183	229	1
184	184	40
185	185	40
185	214	1
186	186	40
186	198	1
187	187	39
188	188	39
188	219	1
189	189	39
190	190	39
191	191	38
191	198	1
191	205	1
191	206	1
191	211	1
191	218	1
191	220	1
191	221	1
191	226	1
191	228	1
191	231	1
191	232	1
192	192	38
192	201	1
192	225	1
193	193	38
193	223	1
194	194	38
194	202	1
194	220	1
195	195	38
195	197	2
196	196	38
197	197	37
197	200	1
198	198	37
198	211	2
198	218	2
198	220	2
198	221	1
198	223	1
198	226	3
198	228	1
198	229	1
198	231	2
198	232	2
199	199	35
199	203	2
200	200	35
201	201	35
201	209	1
201	210	2
201	213	1
201	222	1
202	202	34
202	228	1
203	203	34
204	204	33
204	219	1
205	205	33
205	213	1
206	206	33
206	227	1
207	207	33
207	217	1
208	208	32
209	209	32
209	213	2
209	225	1
210	210	32
210	222	2
211	211	32
211	216	1
211	218	1
211	220	1
211	221	1
211	223	1
211	226	3
211	228	1
211	229	1
211	231	2
211	232	2
212	212	32
212	214	1
213	213	30
214	214	29
215	215	29
215	229	1
216	216	29
217	217	28
218	218	25
218	220	1
218	221	1
218	226	1
218	228	1
218	231	1
218	232	1
219	219	24
220	220	24
220	221	1
220	226	1
220	228	1
220	230	1
220	231	1
220	232	1
221	221	24
221	226	1
221	228	1
221	231	1
221	232	1
222	222	23
223	223	23
223	226	1
223	229	1
223	231	1
223	232	1
224	224	23
225	225	23
226	226	21
226	228	1
226	229	1
226	231	2
226	232	2
227	227	20
228	228	20
228	231	1
228	232	1
229	229	19
229	231	1
229	232	1
230	230	19
231	231	14
231	232	3
232	232	10
